af-south-1 8.14 261.18 356.34 384.05 361.93 161.17 211.79 410.83 224.06 159.46 177.91 184.24 158.1 148.55 152.69 152.97 342.17 227.29 237.39 291.61 276.71
ap-east-1 263.41 2.59 52.66 38.44 44.09 99.66 42.41 135.12 193.52 197.7 217.48 189.75 222.6 212.28 206.38 132.33 307.15 194.7 181.45 152.19 142.04
ap-northeast-1 360.4 53.1 4.73 34.63 11.07 130.42 72.58 110.32 145.43 224.89 244.54 216.65 203.56 212.66 216.79 163.34 258.47 146.65 132.6 109.73 99.03
ap-northeast-2 388.5 38.68 34.82 3.64 30.45 134.93 76.9 146.63 173.22 232.81 252.26 224.84 230.64 239.43 246.55 168.02 286.11 174.53 161.72 137.18 126.95
ap-northeast-3 366.57 44.59 10.49 30.19 2.64 122.75 70.77 118.9 150.32 226.59 245.69 217.64 208.41 217.44 222.37 153.31 263.34 151.83 138.21 110.16 99.65
ap-south-1 165.96 99.02 130.06 134.85 122.48 2.63 58.75 150.16 188.95 120.57 140.31 112.04 123.22 114.12 106.7 37.88 302.15 187.46 197.45 230.05 219.97
ap-southeast-1 215.42 42.59 72.91 77.38 71.1 58.88 2.8 93.86 210.72 157.28 176.94 148.39 180.64 171.52 165.15 89.07 324.15 213.63 199.13 176.79 167.19
ap-southeast-2 414.42 134.72 110.3 146.36 119.23 149.92 93.75 3.75 198.38 251.98 295.81 239.93 257.13 266.23 279.24 181.56 312.98 198.62 188.07 138.93 140.66
ca-central-1 227.35 193.23 144.35 172.58 149.96 188.68 210.07 198.22 3.43 91.53 108.84 101.24 69.9 78.43 84.46 162.3 125.93 15.4 25.01 79.82 65.42
eu-central-1 162.69 197.45 224.1 233.46 225.42 119.92 157.75 251.82 92.66 3.77 23.2 11.86 25.81 16.79 11.11 87.78 206.95 91.75 101.09 151.1 145.89
eu-north-1 180.75 216.65 243.62 252.65 244.95 139.97 177.5 295.62 108.37 22.26 3.73 31.18 42.31 32.6 30.32 106.96 217.57 110.75 120.64 176.43 162.69
eu-south-1 180.6 188.41 215.49 223.88 216.48 111.27 148.31 239.61 101.63 12.14 31.53 2.26 35.45 26.11 19.73 87.44 215.51 100.44 110.27 160.32 155.43
eu-west-1 162.21 222.26 201.7 230.12 208.23 123.06 180.58 257.06 70.01 27.04 43.24 35.41 2.7 13.24 18.71 96.94 178.24 67.9 77.71 138.66 124.35
eu-west-2 152.49 211.67 210.62 239.33 216.23 114.03 171.48 265.92 78.68 17.95 33.76 26.86 13.24 3.64 10.34 87.97 187.97 77.02 86.5 147.61 133.18
eu-west-3 155.92 205.35 216.9 245.45 222.39 106.75 165.61 279.31 85.21 12.21 31.5 20.18 18.82 10.94 3.68 81.2 198.71 83.18 93.04 143.33 139.13
me-south-1 153.78 132.01 163.03 168.01 152.81 38.04 89.14 182.19 162.14 86.64 106.64 88.29 96.64 87.13 79.64 2.41 275.44 161.02 170.29 220.74 216.2
sa-east-1 343.55 306.54 258.53 286.66 264.87 302.53 324.17 313.04 126.21 206.2 217.35 215.91 179.05 188.65 198.03 275.84 4.22 116.65 126.11 176.82 180.71
us-east-1 230.72 194.37 146.01 174.35 151.77 187.5 214.2 198.61 16.01 91.55 113.52 100.54 67.88 77.04 83.03 160.88 116.03 5.02 13.74 62.51 68.27
us-east-2 240.93 181.85 133.13 161.38 138.65 197.89 198.98 188.23 26.72 101.75 124.92 110.81 78.07 86.88 93.39 171.84 126.37 14.24 4.76 54.16 55.86
us-west-1 294.95 151.61 108.32 136.54 109.28 229.71 176.13 138.65 79.83 151.09 176.7 160.32 138.51 147.39 142.8 220.03 175.7 62.19 51.66 3.5 22.14
us-west-2 280.19 141.55 98.31 126.47 99.14 219.76 166.54 140.66 65.54 145.66 162.38 155.22 124.24 133.0 138.86 216.02 179.88 68.11 54.05 22.07 2.74